START
1.00435274	-0.03533304	0.00000000
0.96599367	-0.00828587	0.00000000
0.77065143	0.00934515	0.00000000
0.58162831	-0.11781585	0.00000000
0.41150751	0.01965551	0.00000000
0.18467977	-0.07313766	0.00000000
END
START
0.18467977	-0.07313766	0.00000000
0.09360499	-0.10578711	0.00000000
-0.00434335	-0.07485605	0.00000000
-0.04558476	0.03683943	0.00000000
0.07470268	0.08839119	0.00000000
0.18546595	0.13395661	0.00000000
END
START
0.18546595	0.13395661	0.00000000
0.41593498	0.15422935	0.00000000
0.58506510	0.07464405	0.00000000
0.83423193	0.12104063	0.00000000
0.96599367	0.00828587	0.00000000
1.00435274	-0.03533304	0.00000000
END