START
1.00000005	0.00000000	0.00000000
0.96599367	-0.00828587	0.00000000
0.79596044	-0.02923040	0.00000000
0.56811210	-0.05103232	0.00000000
0.38490504	-0.06936066	0.00000000
0.17905778	-0.05614943	0.00000000
END
START
0.17905778	-0.05614943	0.00000000
0.10991225	-0.04955851	0.00000000
-0.07287300	-0.03860879	0.00000000
-0.07287300	0.03860879	0.00000000
0.10991225	0.04955851	0.00000000
0.17905778	0.05614943	0.00000000
END
START
0.17905778	0.05614943	0.00000000
0.38490504	0.06936066	0.00000000
0.56811210	0.05103232	0.00000000
0.79596044	0.02923040	0.00000000
0.96599367	0.00828587	0.00000000
1.00000005	0.00000000	0.00000000
END
